VCA01	VCA02	VCA03	VCA04	VCA05	VCA07	VCA08	VCA09	VCA10	VCA11	VCA12	VLO01	VLO02	VLO03	VLO04	VLO05	VLO06	VLU01	VCO01	VCO02	VCO03	VCO04	VCO05	VCO06	VCO07	VCO08	VCO09	VPU01	VPU02	VPU03	VPU04	VDE01	VDE02	VDE03	VDE04	VDE05	VRI01	VDI01	VDI02	VDI03	VDI04	VDI05	VDI06	VDI07	VDI08	VER01	VER02	VER03	VER04	VEC01
0.00000
0.62445   0.00000
0.62105   0.24110   0.00000
0.45180   0.63077   0.60518   0.00000
0.67361   0.62367   0.58422   0.67622   0.00000
0.74544   0.65693   0.62458   0.74691   0.55711   0.00000
0.51118   0.44498   0.39642   0.57149   0.26939   0.40077   0.00000
0.61805   0.56794   0.52301   0.65577   0.48425   0.50340   0.09889   0.00000
0.66728   0.60433   0.57910   0.68069   0.58863   0.56974   0.26920   0.24212   0.00000
0.55856   0.45308   0.39119   0.59198   0.41055   0.40039   0.26449   0.34484   0.42646   0.00000
0.62776   0.48712   0.41475   0.66227   0.50686   0.47504   0.35387   0.41651   0.45469   0.31623   0.00000
0.67347   0.62251   0.55268   0.69335   0.62904   0.62029   0.37227   0.40948   0.51268   0.47310   0.46439   0.00000
0.67297   0.61936   0.55889   0.69182   0.58729   0.59388   0.39487   0.40779   0.52622   0.45106   0.43899   0.33855   0.00000
0.55973   0.48775   0.46843   0.62289   0.45026   0.52827   0.36018   0.41893   0.51617   0.38170   0.34882   0.42528   0.41512   0.00000
0.58289   0.52604   0.49212   0.61920   0.50961   0.62311   0.41799   0.48180   0.55757   0.45369   0.43316   0.48216   0.47947   0.20014   0.00000
0.65375   0.57882   0.57014   0.68526   0.57181   0.59635   0.45681   0.52424   0.60189   0.45850   0.46511   0.54373   0.52429   0.27136   0.38017   0.00000
0.53068   0.44701   0.43884   0.58412   0.37977   0.46628   0.33075   0.38240   0.46713   0.35398   0.36184   0.39287   0.37650   0.26899   0.31118   0.30964   0.00000
0.52607   0.66481   0.64902   0.61178   0.64978   0.72036   0.54069   0.61803   0.70261   0.60412   0.64984   0.64521   0.62150   0.58181   0.60667   0.64533   0.48667   0.00000
0.77166   0.79200   0.77026   0.76896   0.72801   0.73849   0.53630   0.62018   0.65933   0.64669   0.70876   0.74201   0.73857   0.61911   0.67975   0.70081   0.57326   0.76022   0.00000
0.77527   0.79903   0.78230   0.78205   0.72402   0.74174   0.55616   0.64105   0.68827   0.66269   0.72146   0.75607   0.75132   0.62305   0.69624   0.71514   0.60299   0.76156   0.22781   0.00000
0.72670   0.74128   0.73826   0.75923   0.63959   0.68953   0.53213   0.61987   0.67112   0.63847   0.68877   0.71790   0.71324   0.56792   0.64273   0.66355   0.57139   0.72656   0.39304   0.31591   0.00000
0.78121   0.79459   0.78201   0.78617   0.74993   0.76220   0.58829   0.66832   0.70046   0.68930   0.72356   0.75801   0.75341   0.63873   0.69970   0.71762   0.61547   0.76597   0.46383   0.39866   0.29677   0.00000
0.80671   0.82530   0.80657   0.79323   0.79143   0.78270   0.60417   0.67070   0.71334   0.68899   0.76158   0.78810   0.78253   0.68724   0.74189   0.75702   0.63770   0.78583   0.43514   0.38029   0.44729   0.44774   0.00000
0.77910   0.81066   0.78995   0.77901   0.77483   0.77096   0.57554   0.64928   0.69606   0.66263   0.73552   0.77199   0.75852   0.65564   0.73015   0.73297   0.60579   0.76205   0.41828   0.39236   0.46200   0.49890   0.38256   0.00000
0.83865   0.85603   0.82730   0.82184   0.82784   0.79254   0.57961   0.66663   0.71863   0.68645   0.74086   0.78838   0.77771   0.66512   0.75248   0.75476   0.62775   0.79461   0.55037   0.56164   0.52736   0.62760   0.68224   0.64885   0.00000
0.83078   0.85367   0.81846   0.80542   0.83529   0.79293   0.54998   0.65014   0.70630   0.65055   0.73741   0.79148   0.78025   0.63786   0.71401   0.73617   0.58914   0.78159   0.37228   0.40803   0.43009   0.47439   0.42579   0.42527   0.63777   0.00000
0.84751   0.85900   0.84292   0.83974   0.82834   0.81059   0.67399   0.71613   0.75882   0.74131   0.78725   0.81739   0.81065   0.72485   0.77984   0.78356   0.69572   0.82643   0.56419   0.48731   0.54219   0.63241   0.62445   0.61781   0.70882   0.66928   0.00000
0.86020   0.86187   0.84107   0.84248   0.84955   0.82628   0.67925   0.73169   0.76952   0.73347   0.80100   0.82934   0.82431   0.73217   0.79435   0.79143   0.70224   0.83252   0.57517   0.57184   0.57944   0.64713   0.61890   0.65671   0.73313   0.63153   0.68772   0.00000
0.87809   0.87179   0.85409   0.85784   0.86200   0.83763   0.71588   0.76524   0.78188   0.76772   0.81025   0.84475   0.84132   0.77096   0.82612   0.81360   0.73282   0.85873   0.72995   0.73191   0.73489   0.76963   0.77028   0.76622   0.81532   0.80264   0.73882   0.76167   0.00000
0.74193   0.72326   0.71597   0.75357   0.62634   0.68433   0.48806   0.60187   0.63964   0.58571   0.68312   0.71761   0.72222   0.59196   0.63507   0.66116   0.53168   0.73281   0.46594   0.50419   0.49585   0.54937   0.55324   0.51866   0.59594   0.46089   0.61250   0.62360   0.52006   0.00000
0.75410   0.73577   0.72636   0.75736   0.66928   0.69276   0.52963   0.60452   0.63710   0.60794   0.69026   0.71817   0.72618   0.60838   0.66497   0.68116   0.57986   0.74985   0.45934   0.47019   0.50916   0.53211   0.54217   0.50481   0.58190   0.47319   0.53800   0.61092   0.47701   0.18606   0.00000
0.68196   0.65570   0.67745   0.72620   0.52413   0.63859   0.48809   0.59261   0.62780   0.59187   0.66028   0.69094   0.69903   0.54414   0.58331   0.63780   0.53030   0.69532   0.52056   0.49244   0.42857   0.50715   0.55959   0.55473   0.53235   0.45247   0.64495   0.69349   0.72931   0.40265   0.45283   0.00000
0.74243   0.72414   0.72937   0.75061   0.69892   0.73220   0.60871   0.67011   0.69406   0.66720   0.73018   0.75067   0.75371   0.66648   0.69699   0.72179   0.64851   0.74684   0.62017   0.61962   0.60631   0.62981   0.64200   0.63133   0.65209   0.59331   0.70336   0.73085   0.74840   0.54290   0.54961   0.19016   0.00000
0.82255   0.81408   0.79632   0.80779   0.80723   0.77093   0.60470   0.69537   0.72521   0.66625   0.72986   0.78624   0.79123   0.67376   0.74020   0.74004   0.62579   0.78025   0.70022   0.70125   0.65551   0.71424   0.76561   0.75062   0.74426   0.74795   0.80182   0.81022   0.82587   0.61913   0.62009   0.37488   0.51630   0.00000
0.80458   0.79658   0.79112   0.80753   0.77839   0.77429   0.62070   0.69007   0.72052   0.69198   0.74096   0.78663   0.78273   0.69130   0.75278   0.75609   0.67923   0.79275   0.72119   0.72787   0.70621   0.72179   0.75269   0.74117   0.75381   0.73929   0.80396   0.80431   0.82201   0.66631   0.63575   0.58890   0.59845   0.70277   0.00000
0.82325   0.81772   0.80179   0.82467   0.79954   0.80258   0.58446   0.68897   0.73059   0.67511   0.75810   0.80336   0.80117   0.66642   0.72568   0.76452   0.62647   0.78325   0.74296   0.71730   0.65550   0.74774   0.76501   0.73623   0.82575   0.81951   0.79902   0.82485   0.83383   0.57357   0.59145   0.47449   0.60589   0.76974   0.68706   0.00000
0.80405   0.79932   0.79285   0.80617   0.78004   0.77064   0.62551   0.69209   0.72080   0.70657   0.74791   0.78132   0.77846   0.69803   0.75470   0.75513   0.67464   0.79164   0.71151   0.72469   0.70409   0.71870   0.74697   0.72633   0.74230   0.72890   0.79321   0.80164   0.81061   0.66065   0.62777   0.57371   0.60434   0.68993   0.23650   0.68340   0.00000
0.75619   0.75446   0.74670   0.77429   0.70224   0.73024   0.56588   0.65937   0.69618   0.62818   0.70674   0.76090   0.74991   0.59579   0.65785   0.67787   0.57348   0.73757   0.67716   0.67904   0.61064   0.69122   0.73886   0.72919   0.71214   0.68225   0.77692   0.77147   0.83332   0.61606   0.64861   0.43611   0.64022   0.70463   0.75767   0.73774   0.75835   0.00000
0.73592   0.73786   0.73975   0.76544   0.63244   0.69863   0.56623   0.65552   0.69655   0.63105   0.70209   0.73900   0.73057   0.58255   0.64308   0.66076   0.58141   0.73007   0.65395   0.64447   0.57797   0.64258   0.70660   0.68776   0.67326   0.64376   0.74707   0.76574   0.80023   0.56174   0.59677   0.40213   0.60423   0.65284   0.73329   0.68802   0.73281   0.26692   0.00000
0.85931   0.86800   0.83692   0.83150   0.87722   0.82724   0.63397   0.72355   0.76805   0.70269   0.77167   0.82755   0.81353   0.68393   0.76327   0.74733   0.64854   0.80093   0.78403   0.78477   0.71294   0.77298   0.83226   0.82090   0.85147   0.86811   0.85373   0.84490   0.88223   0.72586   0.71544   0.58869   0.69409   0.82638   0.81797   0.89616   0.81335   0.43595   0.24157   0.00000
0.74241   0.73885   0.73514   0.76846   0.67371   0.72867   0.56219   0.65200   0.69816   0.63103   0.70116   0.74877   0.73697   0.60615   0.63566   0.68335   0.58592   0.73396   0.65144   0.65666   0.58384   0.64010   0.71065   0.70456   0.68245   0.62747   0.75331   0.73801   0.81082   0.57837   0.60893   0.42746   0.60901   0.67734   0.73696   0.72034   0.73927   0.38889   0.31392   0.44252   0.00000
0.84353   0.84145   0.82757   0.84014   0.81794   0.79586   0.64352   0.72466   0.76795   0.71082   0.76076   0.80917   0.78902   0.65924   0.74181   0.74120   0.63222   0.79401   0.77056   0.76001   0.67338   0.76560   0.80534   0.79156   0.81101   0.82051   0.82633   0.84391   0.87095   0.69941   0.71222   0.50101   0.69075   0.78592   0.79726   0.82067   0.79941   0.56504   0.47329   0.76503   0.54188   0.00000
0.83070   0.84296   0.82139   0.82571   0.80052   0.80376   0.62732   0.72071   0.76495   0.70874   0.76486   0.81633   0.80332   0.66239   0.73258   0.74305   0.64023   0.79263   0.75856   0.75685   0.67420   0.76638   0.80806   0.79853   0.80958   0.81470   0.83372   0.83956   0.87087   0.66287   0.69167   0.48440   0.67215   0.78406   0.80467   0.83030   0.79897   0.47137   0.41447   0.75023   0.48814   0.59961   0.00000
0.82573   0.83369   0.80893   0.81848   0.78846   0.79192   0.60338   0.70974   0.75557   0.67627   0.76165   0.81201   0.80294   0.66172   0.72099   0.73500   0.63664   0.78615   0.71606   0.71678   0.64056   0.73726   0.76461   0.75618   0.77751   0.76860   0.80595   0.80582   0.84909   0.59787   0.63196   0.46886   0.64612   0.76851   0.78939   0.80668   0.78475   0.44301   0.35153   0.69942   0.38295   0.66984   0.50532   0.00000
0.87770   0.88467   0.85445   0.85180   0.90175   0.83702   0.68233   0.75892   0.79592   0.72802   0.80254   0.85317   0.83917   0.72136   0.78872   0.78909   0.69605   0.83521   0.79934   0.78494   0.73592   0.80686   0.81843   0.82717   0.87128   0.87631   0.84658   0.85309   0.87880   0.71668   0.70750   0.60048   0.69766   0.84474   0.82151   0.88399   0.82148   0.66578   0.56003   0.85832   0.62636   0.78395   0.77682   0.67717   0.00000
0.82655   0.83840   0.81067   0.81064   0.79798   0.77119   0.57557   0.69876   0.72899   0.65521   0.74905   0.80079   0.79088   0.65180   0.71607   0.73637   0.61316   0.78461   0.69891   0.70343   0.63702   0.72955   0.77288   0.74704   0.80900   0.80911   0.81650   0.80930   0.84806   0.56207   0.58797   0.34641   0.53130   0.69088   0.73761   0.78438   0.72229   0.64414   0.55224   0.86546   0.58984   0.77299   0.77353   0.70652   0.83695   0.00000
0.82616   0.82792   0.80931   0.82154   0.79042   0.76204   0.60065   0.69510   0.72888   0.66433   0.74213   0.79235   0.78627   0.65964   0.73663   0.74338   0.63583   0.79520   0.70666   0.69411   0.63877   0.71845   0.76588   0.75112   0.77410   0.77158   0.79782   0.80374   0.83964   0.63058   0.62292   0.44368   0.59544   0.68750   0.74762   0.76575   0.73696   0.66379   0.58063   0.81879   0.61297   0.77126   0.75797   0.70279   0.81627   0.41545   0.00000
0.84767   0.85426   0.83118   0.83590   0.83122   0.78999   0.62849   0.72055   0.75173   0.69723   0.75933   0.81474   0.80597   0.68488   0.76160   0.76795   0.65557   0.80561   0.74816   0.72512   0.65910   0.73807   0.79142   0.77825   0.80313   0.82239   0.81599   0.83350   0.86558   0.66830   0.66137   0.50166   0.63266   0.73871   0.78158   0.81155   0.77312   0.72163   0.63526   0.86625   0.68708   0.81933   0.80952   0.78401   0.87295   0.63605   0.39683   0.00000
0.86245   0.87269   0.84950   0.84578   0.86791   0.81689   0.66580   0.74618   0.77046   0.72458   0.77922   0.82885   0.82031   0.71792   0.79250   0.78734   0.68129   0.82110   0.76658   0.76209   0.70655   0.75815   0.81672   0.80215   0.83123   0.84764   0.83632   0.84911   0.86940   0.71442   0.69434   0.54527   0.63584   0.75357   0.79179   0.84654   0.78038   0.76252   0.67972   0.87413   0.72119   0.83941   0.84122   0.82517   0.88298   0.64043   0.52861   0.36886   0.00000
0.92067   0.92465   0.89684   0.88988   0.95461   0.89543   0.74320   0.79499   0.83034   0.80461   0.83402   0.88011   0.86911   0.77587   0.84856   0.83777   0.76695   0.87032   0.88935   0.87773   0.84204   0.88144   0.90387   0.90030   0.93757   0.95607   0.90880   0.91518   0.92351   0.84107   0.82208   0.77870   0.79157   0.92358   0.84884   0.95130   0.84977   0.87955   0.83284   0.96569   0.85622   0.93045   0.94472   0.94370   0.96596   0.96533   0.93227   0.95047   0.95234   0.00000

